Metrics considering relevant documents with relevance greater or equal than 2

Query 	 Precision 	 Recall 	 F-Measure 	 Average Precision 	 NDCG 	 Latency
# 	@10  @20  @50	@10  @20  @50	@10  @20  @50	@10  @20  @50	@10  @20  @50
1	0.2 0.21 0.23	0.01 0.03 0.07	0.02 0.05 0.11	0.17 0.19 0.16	0.15 0.21 0.29	149
2	0.0 0.0 0.1	0.0 0.0 0.05	0.0 0.0 0.07	0.0 0.0 0.03	0.0 0.0 0.06	50
3	0.0 0.08 0.13	0.0 0.03 0.14	0.0 0.05 0.13	0.0 0.09 0.08	0.03 0.12 0.2	33
4	0.0 0.0 0.0	0.0 0.0 0.0	0.0 0.0 0.0	0.0 0.0 0.0	0.1 0.22 0.29	26
5	0.0 0.14 0.11	0.0 0.01 0.02	0.0 0.02 0.03	0.0 0.08 0.06	1.0 0.37 0.31	28
6	0.5 0.45 0.39	0.03 0.05 0.08	0.05 0.08 0.14	0.67 0.5 0.38	0.7 0.6 0.6	36
7	0.29 0.23 0.22	0.03 0.05 0.1	0.06 0.08 0.14	0.31 0.26 0.21	0.32 0.32 0.34	33
8	0.17 0.11 0.08	0.03 0.03 0.03	0.06 0.05 0.05	0.14 0.14 0.14	0.14 0.25 0.25	40
9	0.25 0.25 0.11	0.08 0.08 0.08	0.13 0.13 0.1	0.2 0.2 0.2	0.52 0.57 0.6	10
10	0.5 0.5 0.44	0.13 0.17 0.33	0.2 0.25 0.38	0.49 0.44 0.33	0.75 0.75 0.67	14
11	0.0 0.0 0.0	0.0 0.0 0.0	0.0 0.0 0.0	0.0 0.0 0.0	0.0 0.02 0.09	14
12	0.29 0.5 0.44	0.01 0.04 0.05	0.03 0.07 0.09	0.16 0.23 0.22	0.14 0.26 0.37	12
13	0.0 0.0 0.24	0.0 0.0 0.06	0.0 0.0 0.09	0.0 0.0 0.07	0.6 0.63 0.26	13
14	0.0 0.0 0.0	0.0 0.0 0.0	0.0 0.0 0.0	0.0 0.0 0.0	0.88 0.73 0.74	11
15	0.0 0.0 0.0	0.0 0.0 0.0	0.0 0.0 0.0	0.0 0.0 0.0	0.0 0.0 0.01	10
16	0.25 0.19 0.09	0.13 0.2 0.2	0.17 0.19 0.12	0.27 0.23 0.23	0.44 0.45 0.53	16
17	0.4 0.44 0.33	0.1 0.17 0.2	0.16 0.25 0.25	0.53 0.47 0.44	0.71 0.67 0.7	17
18	0.0 0.0 0.0	0.0 0.0 0.0	0.0 0.0 0.0	0.0 0.0 0.0	0.0 0.04 0.15	12
19	0.0 0.33 0.2	0.0 0.05 0.1	0.0 0.08 0.13	0.0 0.07 0.06	0.0 0.08 0.13	8
20	0.29 0.14 0.09	0.17 0.17 0.17	0.21 0.15 0.11	0.21 0.21 0.21	0.38 0.47 0.52	10
21	0.67 0.25 0.25	0.03 0.03 0.07	0.05 0.05 0.11	0.42 0.42 0.24	0.43 0.46 0.36	12
22	0.0 0.2 0.11	0.0 0.05 0.05	0.0 0.08 0.07	0.0 0.05 0.05	0.0 0.01 0.14	11
23	0.0 0.0 0.13	0.0 0.0 0.07	0.0 0.0 0.09	0.0 0.0 0.03	0.0 0.0 0.08	9
24	0.33 0.25 0.21	0.14 0.14 0.21	0.2 0.18 0.21	0.42 0.42 0.31	0.43 0.5 0.41	20
25	0.0 0.0 0.0	0.0 0.0 0.0	0.0 0.0 0.0	0.0 0.0 0.0	0.0 0.0 0.0	9
26	0.57 0.7 0.47	0.03 0.05 0.07	0.06 0.1 0.12	0.78 0.63 0.54	0.84 0.75 0.72	6
27	0.63 0.57 0.48	0.09 0.15 0.21	0.16 0.24 0.29	0.58 0.55 0.49	0.55 0.56 0.61	9
28	1.0 0.5 0.4	0.05 0.05 0.1	0.1 0.09 0.16	0.1 0.1 0.09	0.03 0.17 0.17	7
29	0.44 0.43 0.32	0.06 0.08 0.15	0.1 0.14 0.21	0.59 0.5 0.38	0.8 0.75 0.68	9
30	0.0 0.0 0.14	0.0 0.0 0.08	0.0 0.0 0.11	0.0 0.0 0.04	0.5 0.57 0.25	7
31	0.33 0.2 0.2	0.04 0.04 0.04	0.07 0.06 0.06	0.33 0.33 0.33	0.5 0.57 0.61	16
32	0.0 0.0 0.0	0.0 0.0 0.0	0.0 0.0 0.0	0.0 0.0 0.0	0.0 0.0 0.0	7
33	0.0 0.0 0.03	0.0 0.0 0.04	0.0 0.0 0.04	0.0 0.0 0.04	0.45 0.55 0.44	14
34	0.0 0.0 0.0	0.0 0.0 0.0	0.0 0.0 0.0	0.0 0.0 0.0	0.0 0.0 0.0	9
35	0.0 0.0 0.13	0.0 0.0 0.09	0.0 0.0 0.11	0.0 0.0 0.02	0.0 0.11 0.09	11
36	0.8 0.71 0.72	0.08 0.12 0.26	0.15 0.21 0.38	0.88 0.81 0.68	0.94 0.9 0.82	12
37	0.29 0.15 0.19	0.04 0.04 0.1	0.07 0.07 0.13	0.75 0.75 0.36	0.68 0.62 0.49	16
38	0.5 0.27 0.24	0.13 0.13 0.21	0.2 0.17 0.22	0.29 0.29 0.21	0.41 0.5 0.48	9
39	0.56 0.33 0.36	0.26 0.26 0.42	0.36 0.29 0.39	0.66 0.66 0.53	0.76 0.79 0.77	2
40	0.17 0.23 0.24	0.02 0.07 0.17	0.04 0.11 0.2	0.1 0.14 0.15	0.41 0.37 0.39	7
41	0.0 0.0 0.0	0.0 0.0 0.0	0.0 0.0 0.0	0.0 0.0 0.0	0.0 0.0 0.0	2
42	0.0 0.0 0.0	0.0 0.0 0.0	0.0 0.0 0.0	0.0 0.0 0.0	0.0 0.0 0.0	2
43	0.0 0.0 0.0	0.0 0.0 0.0	0.0 0.0 0.0	0.0 0.0 0.0	0.0 0.0 0.0	2
44	0.0 1.0 0.5	0.0 0.05 0.14	0.0 0.09 0.21	0.0 0.07 0.09	0.0 0.09 0.15	12
45	0.83 0.75 0.7	0.36 0.43 0.5	0.5 0.55 0.58	0.49 0.48 0.44	0.47 0.56 0.6	12
46	0.0 0.0 0.0	0.0 0.0 0.0	0.0 0.0 0.0	0.0 0.0 0.0	0.0 0.0 0.0	6
47	0.67 0.5 0.33	0.2 0.4 0.4	0.31 0.44 0.36	0.58 0.39 0.39	0.7 0.52 0.62	3
48	0.0 0.0 0.0	0.0 0.0 0.0	0.0 0.0 0.0	0.0 0.0 0.0	0.0 0.0 0.0	6
49	0.33 0.25 0.09	0.33 0.33 0.33	0.33 0.29 0.14	0.33 0.33 0.33	0.45 0.52 0.56	21
50	0.0 0.0 0.0	0.0 0.0 0.0	0.0 0.0 0.0	0.0 0.0 0.0	0.58 0.62 0.5	9
Mean	0.22 0.22 0.19	0.05 0.07 0.11	0.08 0.09 0.12	0.21 0.2 0.17	0.34 0.34 0.34	11
Query Throughput: 61.05