Metrics considering relevant documents with relevance greater or equal than 1

Query 	 Precision 	 Recall 	 F-Measure 	 Average Precision 	 NDCG 	 Latency
# 	@10  @20  @50	@10  @20  @50	@10  @20  @50	@10  @20  @50	@10  @20  @50
1	0.57 0.53 0.59	0.02 0.03 0.09	0.03 0.06 0.15	0.3 0.36 0.43	0.11 0.21 0.31	84
2	0.1 0.25 0.32	0.02 0.08 0.22	0.03 0.13 0.26	0.11 0.19 0.24	0.06 0.11 0.21	71
3	0.33 0.44 0.51	0.02 0.04 0.11	0.03 0.07 0.18	0.28 0.33 0.37	0.24 0.23 0.32	30
4	0.17 0.18 0.17	0.01 0.03 0.04	0.03 0.05 0.07	0.17 0.15 0.14	0.19 0.19 0.21	20
5	0.33 0.27 0.2	0.01 0.02 0.02	0.02 0.03 0.04	0.42 0.33 0.27	0.43 0.34 0.39	28
6	1.0 0.86 0.74	0.03 0.05 0.08	0.05 0.09 0.14	0.84 0.76 0.66	0.71 0.69 0.68	36
7	0.38 0.25 0.2	0.04 0.06 0.1	0.08 0.09 0.13	0.68 0.59 0.41	0.68 0.65 0.56	18
8	0.29 0.18 0.12	0.02 0.02 0.02	0.04 0.04 0.04	0.35 0.35 0.35	0.61 0.69 0.74	13
9	0.38 0.29 0.26	0.08 0.11 0.19	0.13 0.16 0.22	1.0 0.81 0.55	0.86 0.82 0.75	8
10	1.0 0.94 0.79	0.17 0.33 0.46	0.29 0.49 0.58	0.93 0.88 0.83	0.84 0.79 0.8	11
11	0.0 0.0 0.0	0.0 0.0 0.0	0.0 0.0 0.0	0.0 0.0 0.0	0.0 0.0 0.0	9
12	0.7 0.79 0.78	0.03 0.07 0.14	0.06 0.12 0.24	0.71 0.73 0.7	0.44 0.5 0.58	6
13	0.57 0.5 0.38	0.02 0.02 0.02	0.03 0.03 0.04	0.35 0.35 0.31	0.23 0.36 0.41	17
14	0.89 0.71 0.45	0.1 0.15 0.22	0.18 0.25 0.29	0.9 0.84 0.73	0.93 0.73 0.6	12
15	0.0 0.0 0.03	0.0 0.0 0.01	0.0 0.0 0.02	0.0 0.0 0.03	0.0 0.0 0.05	13
16	0.44 0.36 0.18	0.05 0.06 0.07	0.08 0.1 0.1	0.73 0.64 0.57	0.8 0.76 0.75	19
17	0.6 0.6 0.5	0.08 0.15 0.25	0.13 0.24 0.33	0.93 0.77 0.67	0.79 0.75 0.73	22
18	0.78 0.72 0.58	0.06 0.1 0.17	0.11 0.18 0.26	0.73 0.67 0.61	0.52 0.55 0.61	15
19	0.44 0.47 0.39	0.06 0.13 0.23	0.11 0.2 0.29	0.52 0.49 0.42	0.5 0.53 0.56	11
20	0.44 0.47 0.41	0.04 0.07 0.12	0.07 0.12 0.18	0.92 0.69 0.53	0.97 0.87 0.8	12
21	0.63 0.63 0.43	0.05 0.11 0.14	0.1 0.19 0.21	0.7 0.61 0.54	0.77 0.7 0.7	14
22	0.44 0.44 0.24	0.09 0.16 0.18	0.15 0.23 0.21	0.5 0.45 0.42	0.52 0.47 0.51	13
23	0.29 0.21 0.25	0.07 0.11 0.3	0.12 0.15 0.27	0.75 0.55 0.31	0.73 0.65 0.46	6
24	0.44 0.27 0.19	0.1 0.1 0.15	0.17 0.15 0.17	0.78 0.78 0.59	0.84 0.86 0.77	8
25	0.0 0.0 0.06	0.0 0.0 0.02	0.0 0.0 0.03	0.0 0.0 0.06	0.0 0.0 0.1	7
26	0.75 0.54 0.5	0.04 0.04 0.09	0.07 0.08 0.15	0.77 0.73 0.53	0.73 0.75 0.66	14
27	0.7 0.68 0.64	0.05 0.09 0.18	0.1 0.17 0.28	0.83 0.77 0.71	0.88 0.83 0.8	10
28	1.0 1.0 0.77	0.26 0.32 0.32	0.41 0.49 0.45	0.95 0.91 0.91	0.95 0.94 0.96	9
29	0.67 0.65 0.57	0.04 0.07 0.15	0.07 0.13 0.24	0.84 0.72 0.62	0.93 0.75 0.66	12
30	0.67 0.61 0.48	0.11 0.21 0.23	0.19 0.31 0.31	0.63 0.62 0.62	0.44 0.44 0.53	8
31	0.1 0.06 0.08	0.01 0.01 0.04	0.02 0.02 0.05	0.1 0.1 0.08	0.03 0.17 0.14	17
32	0.0 0.0 0.0	0.0 0.0 0.0	0.0 0.0 0.0	0.0 0.0 0.0	0.0 0.0 0.0	6
33	0.1 0.17 0.11	0.03 0.09 0.12	0.05 0.12 0.12	0.14 0.15 0.15	0.14 0.1 0.19	12
34	0.0 0.0 0.0	0.0 0.0 0.0	0.0 0.0 0.0	0.0 0.0 0.0	0.0 0.0 0.0	9
35	0.25 0.14 0.11	0.12 0.12 0.18	0.16 0.13 0.13	0.24 0.24 0.18	0.2 0.3 0.27	11
36	1.0 1.0 0.82	0.08 0.16 0.26	0.16 0.28 0.39	1.0 0.99 0.89	0.82 0.86 0.85	10
37	0.56 0.42 0.38	0.06 0.1 0.2	0.11 0.16 0.26	0.64 0.58 0.46	0.62 0.58 0.54	15
38	0.88 0.8 0.75	0.1 0.11 0.17	0.18 0.2 0.28	0.84 0.81 0.65	0.84 0.82 0.78	11
39	1.0 0.88 0.88	0.2 0.3 0.44	0.33 0.45 0.59	1.0 0.96 0.85	0.98 0.93 0.88	2
40	0.6 0.56 0.52	0.05 0.09 0.19	0.1 0.15 0.28	0.76 0.65 0.57	0.48 0.46 0.47	8
41	0.0 0.11 0.09	0.0 0.25 0.25	0.0 0.15 0.13	0.0 0.07 0.07	0.0 0.09 0.19	1
42	0.0 0.0 0.0	0.0 0.0 0.0	0.0 0.0 0.0	0.0 0.0 0.0	0.0 0.0 0.0	2
43	0.0 0.0 0.0	0.0 0.0 0.0	0.0 0.0 0.0	0.0 0.0 0.0	0.0 0.0 0.0	13
44	0.83 0.75 0.8	0.14 0.24 0.43	0.23 0.37 0.56	0.51 0.51 0.48	0.5 0.51 0.56	9
45	0.75 0.82 0.65	0.3 0.45 0.55	0.43 0.58 0.59	0.93 0.81 0.73	0.96 0.9 0.87	16
46	0.29 0.2 0.21	0.14 0.21 0.43	0.19 0.21 0.29	0.38 0.31 0.23	0.37 0.4 0.4	6
47	1.0 1.0 0.62	0.26 0.37 0.42	0.42 0.54 0.5	0.69 0.61 0.57	0.61 0.63 0.65	3
48	0.83 0.92 0.85	0.23 0.55 0.77	0.36 0.69 0.81	0.39 0.5 0.48	0.3 0.34 0.44	5
49	1.0 1.0 0.38	0.1 0.2 0.3	0.18 0.33 0.33	1.0 0.56 0.4	1.0 0.7 0.51	23
50	0.0 0.0 0.06	0.0 0.0 0.07	0.0 0.0 0.06	0.0 0.0 0.04	0.0 0.0 0.12	13
Mean	0.48 0.45 0.38	0.07 0.12 0.18	0.12 0.17 0.23	0.52 0.48 0.42	0.49 0.48 0.48	12
Query Throughput: 66.84