Query 	 Precision 	 Recall 	 F-Measure 	 Average Precision 	 NDCG 	 Latency
# 	@10  @20  @50	@10  @20  @50	@10  @20  @50	@10  @20  @50	@10  @20  @50
1	0.33 0.4 0.55	0.0 0.01 0.02	0.01 0.02 0.04
2	0.0 0.0 0.0	0.0 0.0 0.0	0.0 0.0 0.0
3	0.0 0.17 0.41	0.0 0.01 0.04	0.0 0.01 0.07
4	0.0 0.0 0.14	0.0 0.0 0.01	0.0 0.0 0.03
5	0.0 0.0 0.09	0.0 0.0 0.01	0.0 0.0 0.01
6	0.75 0.36 0.5	0.01 0.02 0.04	0.02 0.03 0.07
7	0.0 0.5 0.25	0.0 0.01 0.03	0.0 0.03 0.05
8	0.0 0.0 0.0	0.0 0.0 0.0	0.0 0.0 0.0
9	0.0 0.0 0.0	0.0 0.0 0.0	0.0 0.0 0.0
10	0.5 0.6 0.57	0.04 0.06 0.08	0.08 0.11 0.15
11	0.0 0.25 0.2	0.0 0.02 0.03	0.0 0.03 0.05
12	0.75 0.88 0.64	0.01 0.03 0.03	0.03 0.06 0.06
13	0.33 0.4 0.64	0.0 0.01 0.03	0.01 0.02 0.05
14	1.0 0.5 0.2	0.01 0.01 0.01	0.03 0.03 0.02
15	0.0 0.0 0.0	0.0 0.0 0.0	0.0 0.0 0.0
16	0.2 0.27 0.32	0.01 0.03 0.08	0.02 0.06 0.13
17	0.5 0.56 0.5	0.03 0.06 0.11	0.05 0.11 0.18
18	0.75 0.67 0.71	0.02 0.05 0.12	0.05 0.09 0.21
19	0.0 0.0 0.0	0.0 0.0 0.0	0.0 0.0 0.0
20	0.25 0.22 0.24	0.01 0.02 0.05	0.02 0.04 0.08
21	0.0 0.33 0.2	0.0 0.01 0.02	0.0 0.02 0.04
22	0.0 0.33 0.13	0.0 0.02 0.02	0.0 0.04 0.04
23	0.0 0.0 0.2	0.0 0.0 0.04	0.0 0.0 0.06
24	0.0 0.13 0.07	0.0 0.03 0.03	0.0 0.04 0.04
25	0.0 0.0 0.0	0.0 0.0 0.0	0.0 0.0 0.0
26	0.0 0.25 0.44	0.0 0.01 0.02	0.0 0.01 0.05
27	0.0 0.5 0.45	0.0 0.01 0.04	0.0 0.01 0.07
28	0.0 0.0 0.33	0.0 0.0 0.03	0.0 0.0 0.06
29	0.5 0.56 0.37	0.03 0.03 0.05	0.05 0.06 0.08
30	0.0 0.0 0.0	0.0 0.0 0.0	0.0 0.0 0.0
31	0.0 0.0 0.0	0.0 0.0 0.0	0.0 0.0 0.0
32	0.0 0.0 0.0	0.0 0.0 0.0	0.0 0.0 0.0
33	0.0 0.0 0.0	0.0 0.0 0.0	0.0 0.0 0.0
34	0.0 0.0 0.0	0.0 0.0 0.0	0.0 0.0 0.0
35	0.0 0.0 0.0	0.0 0.0 0.0	0.0 0.0 0.0
36	0.8 0.83 0.75	0.03 0.04 0.1	0.06 0.08 0.18
37	0.2 0.38 0.4	0.01 0.04 0.08	0.02 0.07 0.13
38	0.33 0.33 0.42	0.01 0.03 0.07	0.03 0.05 0.12
39	0.75 0.8 0.92	0.06 0.08 0.24	0.11 0.15 0.38
40	0.67 0.5 0.42	0.02 0.03 0.04	0.03 0.05 0.08
41	0.0 0.0 0.0	0.0 0.0 0.0	0.0 0.0 0.0
42	0.0 0.0 0.0	0.0 0.0 0.0	0.0 0.0 0.0
43	0.0 0.0 0.0	0.0 0.0 0.0	0.0 0.0 0.0
44	1.0 1.0 0.83	0.08 0.16 0.27	0.15 0.28 0.41
45	0.8 0.8 0.83	0.2 0.2 0.25	0.32 0.32 0.38
46	0.0 0.0 0.0	0.0 0.0 0.0	0.0 0.0 0.0
47	0.0 0.0 0.33	0.0 0.0 0.11	0.0 0.0 0.16
48	1.0 1.0 0.89	0.09 0.18 0.36	0.17 0.31 0.52
49	0.0 0.0 0.0	0.0 0.0 0.0	0.0 0.0 0.0
50	0.0 0.0 0.0	0.0 0.0 0.0	0.0 0.0 0.0
Mean	0.23 0.27 0.28 0.01 0.02 0.05 0.02 0.04 0.08