Query 	 Precision 	 Recall 	 F-Measure 	 Average Precision 	 NDCG 	 Latency
# 	@10  @20  @50	@10  @20  @50	@10  @20  @50	@10  @20  @50	@10  @20  @50
1	0.4 0.69 0.66	0.01 0.03 0.08	0.02 0.07 0.14
2	0.0 0.25 0.13	0.0 0.02 0.02	0.0 0.03 0.03
3	0.0 0.27 0.48	0.0 0.02 0.07	0.0 0.03 0.12
4	0.25 0.13 0.09	0.01 0.01 0.01	0.03 0.03 0.02
5	1.0 0.33 0.39	0.01 0.01 0.04	0.01 0.02 0.07
6	0.83 0.9 0.78	0.02 0.04 0.07	0.04 0.07 0.13
7	0.25 0.18 0.25	0.03 0.03 0.09	0.05 0.05 0.13
8	0.17 0.13 0.17	0.01 0.01 0.02	0.02 0.02 0.04
9	0.5 0.5 0.25	0.05 0.05 0.05	0.1 0.1 0.09
10	1.0 1.0 0.89	0.1 0.19 0.33	0.19 0.32 0.48
11	0.0 0.33 0.1	0.0 0.02 0.02	0.0 0.03 0.03
12	0.67 0.75 0.6	0.02 0.03 0.04	0.03 0.05 0.08
13	0.4 0.43 0.53	0.01 0.01 0.04	0.02 0.02 0.07
14	1.0 0.71 0.58	0.04 0.06 0.09	0.07 0.12 0.16
15	0.0 0.0 0.07	0.0 0.0 0.01	0.0 0.0 0.02
16	0.57 0.54 0.37	0.05 0.08 0.15	0.09 0.14 0.21
17	0.4 0.6 0.52	0.05 0.11 0.15	0.09 0.19 0.23
18	0.0 0.5 0.3	0.0 0.02 0.02	0.0 0.03 0.04
19	0.0 0.0 0.22	0.0 0.0 0.03	0.0 0.0 0.06
20	0.5 0.54 0.52	0.03 0.07 0.12	0.05 0.12 0.19
21	0.67 0.5 0.31	0.02 0.03 0.05	0.04 0.06 0.09
22	0.0 0.0 0.0	0.0 0.0 0.0	0.0 0.0 0.0
23	0.0 0.0 0.0	0.0 0.0 0.0	0.0 0.0 0.0
24	0.5 0.25 0.31	0.05 0.05 0.1	0.09 0.09 0.15
25	0.0 0.0 0.0	0.0 0.0 0.0	0.0 0.0 0.0
26	0.71 0.7 0.5	0.03 0.04 0.06	0.06 0.08 0.1
27	0.63 0.79 0.7	0.04 0.08 0.1	0.07 0.15 0.18
28	0.0 0.0 0.5	0.0 0.0 0.06	0.0 0.0 0.11
29	1.0 0.57 0.64	0.05 0.05 0.14	0.09 0.1 0.23
30	0.33 0.5 0.43	0.02 0.04 0.06	0.04 0.07 0.1
31	0.5 0.25 0.2	0.01 0.01 0.01	0.03 0.03 0.03
32	0.0 0.0 0.0	0.0 0.0 0.0	0.0 0.0 0.0
33	0.38 0.23 0.14	0.09 0.09 0.12	0.14 0.13 0.13
34	0.0 0.0 0.0	0.0 0.0 0.0	0.0 0.0 0.0
35	0.0 0.5 0.33	0.0 0.06 0.12	0.0 0.11 0.17
36	0.88 0.82 0.81	0.06 0.12 0.24	0.11 0.21 0.37
37	0.43 0.38 0.31	0.04 0.06 0.1	0.07 0.11 0.15
38	1.0 0.78 0.47	0.07 0.1 0.13	0.13 0.18 0.2
39	1.0 0.87 0.86	0.18 0.26 0.38	0.31 0.4 0.53
40	0.5 0.58 0.54	0.03 0.06 0.13	0.05 0.11 0.21
41	0.0 0.0 0.0	0.0 0.0 0.0	0.0 0.0 0.0
42	0.0 0.0 0.0	0.0 0.0 0.0	0.0 0.0 0.0
43	0.0 0.0 0.0	0.0 0.0 0.0	0.0 0.0 0.0
44	0.0 0.0 0.43	0.0 0.0 0.08	0.0 0.0 0.14
45	0.75 0.83 0.78	0.15 0.25 0.35	0.25 0.38 0.48
46	0.0 0.0 0.0	0.0 0.0 0.0	0.0 0.0 0.0
47	1.0 0.63 0.54	0.16 0.26 0.37	0.27 0.37 0.44
48	0.0 0.0 0.0	0.0 0.0 0.0	0.0 0.0 0.0
49	0.67 0.5 0.33	0.2 0.2 0.2	0.31 0.29 0.25
50	0.5 0.33 0.23	0.13 0.13 0.2	0.21 0.19 0.21
Mean	0.39 0.38 0.34 0.04 0.05 0.09 0.06 0.09 0.13