Query 	 Precision 	 Recall 	 F-Measure 	 Average Precision 	 NDCG 	 Latency
# 	@10  @20  @50	@10  @20  @50	@10  @20  @50	@10  @20  @50	@10  @20  @50
1	0.5 0.58 0.63	0.01 0.03 0.05	0.02 0.05 0.09
2	0.0 0.0 0.0	0.0 0.0 0.0	0.0 0.0 0.0
3	0.38 0.43 0.38	0.02 0.03 0.05	0.03 0.06 0.09
4	0.0 0.0 0.0	0.0 0.0 0.0	0.0 0.0 0.0
5	0.4 0.5 0.42	0.01 0.02 0.04	0.02 0.04 0.08
6	0.8 0.83 0.72	0.02 0.04 0.07	0.03 0.07 0.13
7	0.6 0.43 0.35	0.04 0.04 0.09	0.08 0.08 0.14
8	0.29 0.18 0.13	0.02 0.02 0.02	0.04 0.04 0.04
9	0.5 0.2 0.11	0.03 0.03 0.03	0.05 0.05 0.04
10	0.86 0.7 0.75	0.13 0.15 0.19	0.22 0.24 0.3
11	0.0 0.0 0.11	0.0 0.0 0.02	0.0 0.0 0.03
12	0.75 0.67 0.58	0.01 0.02 0.03	0.03 0.03 0.06
13	0.5 0.6 0.46	0.01 0.01 0.02	0.02 0.02 0.04
14	1.0 0.67 0.33	0.03 0.03 0.04	0.05 0.05 0.07
15	0.0 0.0 0.23	0.0 0.0 0.03	0.0 0.0 0.05
16	0.44 0.28 0.43	0.05 0.06 0.14	0.08 0.1 0.21
17	0.6 0.5 0.38	0.08 0.11 0.14	0.13 0.18 0.2
18	0.6 0.56 0.47	0.02 0.04 0.06	0.05 0.08 0.1
19	0.0 0.0 0.0	0.0 0.0 0.0	0.0 0.0 0.0
20	0.25 0.42 0.37	0.02 0.05 0.1	0.04 0.09 0.15
21	0.67 0.5 0.29	0.02 0.02 0.02	0.04 0.04 0.04
22	0.0 0.0 0.0	0.0 0.0 0.0	0.0 0.0 0.0
23	0.0 0.0 0.0	0.0 0.0 0.0	0.0 0.0 0.0
24	0.25 0.14 0.15	0.03 0.03 0.05	0.05 0.04 0.08
25	0.0 0.0 0.0	0.0 0.0 0.0	0.0 0.0 0.0
26	0.5 0.43 0.45	0.01 0.02 0.03	0.02 0.04 0.06
27	0.6 0.5 0.38	0.02 0.03 0.04	0.04 0.06 0.07
28	0.0 0.0 0.17	0.0 0.0 0.03	0.0 0.0 0.05
29	0.67 0.56 0.52	0.04 0.07 0.1	0.07 0.12 0.16
30	0.0 0.33 0.25	0.0 0.02 0.04	0.0 0.04 0.07
31	0.0 0.0 0.0	0.0 0.0 0.0	0.0 0.0 0.0
32	0.0 0.0 0.0	0.0 0.0 0.0	0.0 0.0 0.0
33	0.0 0.09 0.1	0.0 0.03 0.09	0.0 0.04 0.09
34	0.0 0.0 0.0	0.0 0.0 0.0	0.0 0.0 0.0
35	0.5 0.33 0.2	0.06 0.06 0.06	0.11 0.1 0.09
36	0.89 0.8 0.75	0.07 0.1 0.18	0.13 0.18 0.29
37	0.22 0.27 0.25	0.03 0.05 0.09	0.05 0.09 0.13
38	0.56 0.43 0.44	0.07 0.09 0.11	0.13 0.14 0.18
39	0.89 0.85 0.88	0.16 0.22 0.28	0.27 0.35 0.42
40	0.67 0.5 0.47	0.04 0.04 0.07	0.07 0.08 0.12
41	0.0 0.0 0.0	0.0 0.0 0.0	0.0 0.0 0.0
42	0.0 0.0 0.0	0.0 0.0 0.0	0.0 0.0 0.0
43	0.0 0.0 0.0	0.0 0.0 0.0	0.0 0.0 0.0
44	1.0 1.0 0.89	0.05 0.11 0.22	0.1 0.2 0.35
45	0.83 0.86 0.78	0.25 0.3 0.35	0.38 0.44 0.48
46	0.0 0.0 0.0	0.0 0.0 0.0	0.0 0.0 0.0
47	0.5 0.5 0.45	0.11 0.16 0.26	0.17 0.24 0.33
48	0.0 1.0 1.0	0.0 0.09 0.14	0.0 0.17 0.24
49	0.0 0.14 0.08	0.0 0.1 0.1	0.0 0.12 0.09
50	0.0 0.0 0.18	0.0 0.0 0.13	0.0 0.0 0.15
Mean	0.34 0.34 0.31 0.03 0.04 0.07 0.05 0.07 0.11